[nasadmin@oakvnx7502cs0 ~]$ server_stats server_2 -m cifs.user -i 5
server_2           CIFS User           CIFS     CIFS     CIFS       CIFS      CIFS     CIFS     CIFS       CIFS
Timestamp                              Total    Read     Write   Suspicious   Total    Read     Write      Avg
                                       Ops/s    Ops/s    Ops/s    Ops diff    KiB/s    KiB/s    KiB/s   uSecs/call
17:03:11   US\uscixr02                    543        0      420           5    26774        0    26774        6130
           US\uscrxb87                    423      423        0           0    13338    13338        0           6
           US\uschxp11                    340        0      339           0    21696        0    21696       21360
           US\uscrxk76                    274        0      247           0    15779        0    15779        2123
           US\uscmxm65                    254        2      184           0    11509       22    11486       56866
           US\usccxm96                    215        0      136           3     8603        0     8603        2163
           US\uscvxk05                    155        0      119           0     7572        0     7572        1538
           US\uscsxp11                     81       27       52           0     2579      775     1804         606
           US\uscmxs99                     67        7        0           0      107      107        0        1593
           US\uskexw70                     58        0        0           0        0        0        0        3022
           US\uscvxn12                     57       55        1           0      604      601        3        2379
           US\uscgxg00                     51        0        0           0        0        0        0         151
           US\uscvxk12                     41       22       18           0     1665      653     1012         844
           US\uskkxb08                     32        0        8           0      112       20       92         524
           US\uscvmc01                     30        1        1           1       68       26       41         540
           US\usctxh27                     28        0        0           0        0        0        0          26
           US\usclxn11                     27        0        0           0        0        0        0          22
           US\uscmxg24                     25        1        0           0        0        0        0         153
           US\usckxl02                     24       23        0           0      147      146        1        3817
           US\uscrxm13                     20       17        0           0       66       66        0          12
17:03:16   US\uscrxb87                    913      913        0           0    29036    29036        0           7
           US\uscmxm65                    392        2      133           7     8249       25     8224         808
           US\usckxk18                    339        0      314           0    20085        0    20085       88905
           US\uschxp11                    221        0      218           0    13926        0    13926      240695
           US\uscrxk76                    186        0       16           6      915        0      915       19927
           US\uscvxk05                    149        0      104           0     6561        0     6561       40335
           US\uscsxp11                     83       30       52           0     2395      881     1514         804
           US\usctxh27                     79        0        0           0        0        0        0          18
           US\uscvxk12                     71       27       43           0     2726      797     1929        3931
           US\uskkxb08                     61        2        7           0      114      111        2         663
           US\uskexw70                     57        0        0           0        0        0        0        3036
           US\uscgxg00                     52        0        0           0        0        0        0         164
           US\uscdxg18                     34       23        0           0       94       94        0        3254
           US\uscrxv12                     30       24        6           0      771      748       23       47838
           US\usclxn11                     29        0        0           0        0        0        0          20
           US\uscmxs99                     22       10        0           0       39       39        0        1688
           US\usckxl02                     17       17        0           0      104      103        1        4791
           US\uscvxn12                     15        3       11           0      200       94      106        7703
           US\uscsxs30                     12        4        4           0       90       61       30        2491
           US\uschxk01                     11        3        7           0       68       40       28       25292
17:03:21   US\uschxp11                    295        0      295           0    18854        0    18854       49496
           US\uscvxk05                    288        0       77           7     4839        0     4839        2590
           US\usckxk18                    176        0       66           4     4094        0     4094        1254
           US\uscsxp11                     99        2       95           0     1924       54     1870        1817
           US\uscdxg18                     70       57        3           0      206       86      120        1464
           US\uscsxk09                     61       42        7           1      499       88      412        1461
           US\uskexw70                     59        0        0           0        0        0        0        2542
           US\uscvxk12                     54       15       37           0     1940      445     1495        5418
           US\uscrxv12                     53       36       17           0     1214     1146       68       31480
           US\uscgxg00                     52        0        0           0        0        0        0          53
           US\uskkxb08                     51        2        9           0       95       91        4         309
           US\uschxk01                     43        0        0           0        0        0        0          94
           US\uskjxj72                     41        0        0           0        0        0        0          21
           US\uscmxr08                     39       22        0           0       85       85        0        2667
           US\uscmxg24                     34        1        0           0        5        5        0          28
           US\usctxh27                     30        0        0           0        0        0        0          20
           US\usclxn11                     25        0        0           0        0        0        0          21
           US\uscvxn12                     19        2       17           0      186       45      141        2013
           US\usckrt01                     19       19        0           0      128      128        0       10445
           US\usckxl02                     15       14        0           0       86       86        0        5008
17:03:26   US\uscjxs42                    459        0      299           4    18931        0    18931       17322
           US\uschxp11                    442        0      442           0    28262        0    28262       23335
           US\uscpxr32                    437        0      119           7     7251        0     7251        2129
           US\uscrxb87                    415      415        0           0     1659     1659        0           5
           US\uscaxb08                    360        0      248           3    15712        0    15712       19019
           US\uscsxp11                    203       39      163           0     4672     1126     3546         260
           US\usckxj04                    200        0        0           0        0        0        0          20
           US\usclxn11                    110        0        0           0        0        0        0          18
           US\uscrxv12                    102       97        5           0     3123     3104       19        8991
           US\uscvxk12                     86       34       50           0     2640      985     1655         309
           US\usckxl02                     78       77        0           0      494      494        0        7067
           US\uscsxk09                     76       72        0           0      101      101        0           8
           US\usckrt01                     61       50        6           0      645      530      115       11534
           US\uskexw70                     60        0        0           0        0        0        0        3030
           US\uscpxk05                     56        0       38           0     2381        0     2381         879
           US\uscgxg00                     51        0        0           0        0        0        0         177
           US\uscdxg18                     43       29        2           0      165      157        8          51
           US\uscmxn39                     34        4        7           0      249      102      147         620
           US\uscaaa09                     34        2        0           0        2        2        0         571
           US\usctxh27                     32        0        0           0        0        0        0          20
17:03:31   US\uscrxb87                   1498     1498        0           0     6230     6230        0           5
           US\uscrxk63                    438        1      317           4    20169        4    20165        2931
           US\uscrxv12                    409      401        8           0     5595     5562       33        2268
           US\uscpxk05                    368        0      268           3    17041        0    17041        1936
           US\uschxp11                    233        0      233           0    14925        0    14925      109265
           US\uscsxp11                    224       42      179           0     3614     1241     2373        1501
           US\uscsxk09                     85       64        0           0      261      261        0        1136
           US\usckxl02                     83       72       10           0      607      546       62        4086
           US\uscvxk12                     80       25       54           0     2404      726     1678         696
           US\usckrt01                     76       49        7           0     1711     1406      306        1937
           US\uskexw70                     57        0        0           0        0        0        0        3162
           US\uscgxg00                     51        0        0           0        0        0        0          87
           US\uschxk01                     45        0        1           0        6        0        6          45
           US\uscmxr08                     42       12        0           0       40       40        0         297
           US\uscvxi02                     35       30        4           0      224      190       34        3975
           US\usctlr04                     34        2       32           0      346       52      294        1601
           US\usctxh27                     29        0        0           0        0        0        0          44
           US\usclxn11                     28        0        0           0        0        0        0          21
           US\uskjxj72                     27        0        0           0        0        0        0          24
           US\uscsxb70                     23        6        3           0      263      107      156        4892
17:03:36   US\uscrxv12                    527      503       23           0     5069     4975       94        2063
           US\uscrxb87                    431        0      431           0        4        0        4          13
           US\uschxp11                    372        0      372           0    23782        0    23782       15473
           US\usckxj18                    335        0      310           0    19827        0    19827       34974
           US\uscexr43                    229        0      152           3     9580        0     9580       38599
           US\uscryb02                     89        0       31           2     1857        0     1857        5616
           US\usclxn11                     82        0        0           0        0        0        0          24
           US\uscdxb02                     71       20       49           0      926      574      353        1191
           US\uskjxj72                     66        0        1           0       38        0       38         158
           US\uscvxi02                     64       64        0           0      471      471        0        7630
           US\uskexw70                     56        0        0           0        0        0        0        3823
           US\uscvxk12                     55       33       21           0     2290      978     1312        1181
           US\uscgxg00                     52        0        0           0        0        0        0         143
           US\uscvxd03                     49        1        0           0        2        2        0         195
           US\uscsxp11                     44       20       23           0     1250      590      660        2175
           US\uscbxa34                     32        9       22           0      517      250      266        2963
           US\usckrt01                     32        2       27           0     1000       10      990         802
           US\usctxh27                     31        0        0           0        0        0        0          21
           US\uskkbs06                     29        0        4           0       16        0       16         599
           US\uscmxn39                     28        0        7           0       55        8       47         396
17:03:41   US\uscrxb87                   2080      436     1644           0     3192     1946     1246          38
           US\uscrxv12                    615      262      352           0     2567     1158     1410         923
           US\uschxp11                    358        0      358           0    22938        0    22938       23233
           US\usccxp67                    215        0      137           3     8630        0     8630       28213
           US\usckxj18                     96        0        1           4       14        0       14         419
           US\uscvxk12                     88       24       62           0     2325      707     1618        1570
           US\uscsxp11                     80       29       49           0     2364      864     1500         727
           US\uscaaa09                     79        0        0           0        5        0        5          87
           US\uskexw70                     56        0        0           0        0        0        0        3464
           US\mwallac0                     55        0        0           0        0        0        0          24
           US\uskkbs06                     52        0        0           0        0        0        0          26
           US\uscgxg00                     51        0        0           0        0        0        0         403
           US\uscvxd03                     51        1        0           0       11       11        0          18
           US\uskjxj72                     46        0       10           0      610        0      610         437
           US\uscdxg18                     46       15        0           0      133      133        0          98
           US\uscvxm07                     43       19        1           0      130       98       32        3285
           US\uscvxn12                     42        1       41           0      267       32      235         838
           US\uscvxi02                     42       26       15           0      393      277      116        4358
           US\uskkdk05                     37        0        0           1       14        0       14        1005
           US\usctxh27                     31        0        0           0        0        0        0          22
17:03:46   US\uscrxv12                    453      453        0           0     2286     2286        0        1457
           US\uschxp11                    355        0      355           0    22720        0    22720       26725
           US\uscjxn10                    340       31        0           0       51       51        0         445
           US\uscrxb87                    253        6      246           0      732       35      696          29
           US\uscvxk12                     96       17       77           0     2694      500     2194        1108
           US\uscmxs49                     94       90        0           0      700      700        0        3219
           US\gtrservice                   69        0        0           0        0        0        0         353
           US\uskexw70                     59        0        0           0        0        0        0        3309
           US\mwallac0                     55        0        0           0        0        0        0          19
           US\uscgxg00                     52        0        0           0        0        0        0          89
           US\uscsxp11                     51       20       29           0     1716      596     1120        1363
           US\uskmsw70                     46        0        0           0        0        0        0          26
           US\uscvxd03                     46        0        0           0        0        0        0          18
           US\uscjxs32                     38        0        0           0        7        0        7         228
           US\uskjxj72                     37        7        3           0      566      380      186         300
           US\uscvxi02                     33       32        0           0      243      243        0        2976
           US\uskkbs06                     32        0        0           0        0        0        0          19
           US\usctxh27                     28        0        0           0        0        0        0          21
           US\uscaxp78                     22        7       15           0      636      194      442        2426
           US\uscvxm07                     20        1        0           0       32       32        0          25
17:03:51   US\uscrxb87                   1069     1062        0           0    33818    33817        1           9
           US\uscrxv12                    524      524        0           0     2770     2770        0        1041
           US\uschxp11                    431        0      430           0    27546        0    27546       25080
           US\uscmxs49                    194      194        0           0     1290     1289        1        3666
           US\usctxh27                    149        0        0           0        0        0        0          17
           US\uscjxn10                     66        2        3           0       52        4       47         364
           US\uskexw70                     59        0        0           0        0        0        0        3158
           US\uscsxp11                     59       26       31           0     2170      750     1420        4527
           US\uscvxk12                     58       26       30           0     2201      767     1434         729
           US\uskmsw70                     58        0        0           0        0        0        0          31
           US\uscgxg00                     52        0        0           0        0        0        0          33
           US\uscaaa09                     45        4       37           0      689       35      654        3479
           US\uscyxm22                     45        2       16           0      155       42      114         702
           US\uscvxa07                     41       41        0           0      175      175        0        6263
           US\uscyxp01                     41        1        1           0       30        4       26         142
           US\uskjxj72                     41        1       11           0      718        2      716        1307
           US\uscvxd03                     39        0        0           0        0        0        0          18
           US\uskkbs06                     33        0        0           0        0        0        0          20
           US\mwallac0                     32        0        0           0        0        0        0          20
           US\uscpxr15                     24        2        0           0        0        0        0        1171
17:03:56   US\uscrxv12                    483      483        0           0     2244     2244        0        1036
           US\uschxp11                    370        0      370           0    23654        0    23654       36055
           US\uscmxs49                    314      313        0           0     1982     1981        1        1929
           US\uscrxb87                    243      243        0           0     7246     7246        0           7
           US\uscrxm13                    220        8      141           0     9388      414     8974       39265
           US\uscmxm28                    166        0      142           0     9063        0     9063       51729
           US\uscjey01                     83        0       21           2     1251        0     1251         974
           US\uscvxa07                     82       82        0           0      353      353        0        5337
           US\usckrt01                     76       13       62           0      955      374      582        2863
           US\uscvxk12                     73       26       45           0     3236      742     2494         918
           US\uscsxp11                     68       38       28           0     1903      690     1214        2744
           US\usckxl02                     64       55        8           0      336      298       38         706
           US\uscsxa77                     58       17       21           1      496      160      336         976
           US\uskexw70                     54        0        0           0        0        0        0        4580
           US\uskjxj72                     53        0        8           0      480        0      480         367
           US\uscgxg00                     52        0        0           0        0        0        0         191
           US\uscsxk09                     51       50        0           0      354      354        0        2099
           US\uscvxi02                     40       39        0           0      278      278        1        7188
           US\uskmsw70                     35        0        0           0        0        0        0          33
           US\uskkbs06                     33        0        0           0        0        0        0          20
17:04:01   US\uscrxb87                   1070     1070        0           0    33940    33940        0           6
           US\uscrxv12                    538      538        0           0     2487     2487        0        1049
           US\uscmxa17                    420        0      375           2    23948        0    23948      148863
           US\uscrxm13                    319       86      160           0    10371      167    10204      161638
           US\uschxp11                    291        0      291           0    18637        0    18637      148608
           US\uscdxg18                    230        0      191           0    12175        0    12175       89647
           US\uscmxm28                    208        0      110           4     6903        0     6903       96496
           US\uscmxa10                    156        0       10           0       11        0       11         766
           US\uscnxs13                    148        0      134           0     8550        0     8550      225859
           US\uscmxs49                    132      128        3           0      846      833       14        3677
           US\uscvxk12                     89       36       52           0     3311     1018     2294        2026
           US\uscsxp11                     72       28       43           0     2493      827     1666        2804
           US\uskjxj72                     61        1        9           0      567       13      554         401
           US\uscgxg00                     52        0        0           0        0        0        0          54
           US\uskexw70                     51        0        0           0        0        0        0        3279
           US\uskdyl01                     49       19        0           0     1071     1071        0         755
           US\uskmsw70                     35        0        0           0        0        0        0          90
           US\uskkbs06                     32        0        0           0        0        0        0          22
           US\uscaaa09                     32       23        0           0       79       79        0        7981
           US\mwallac0                     27        0        0           0        0        0        0          21
17:04:06   US\uscrxb87                    854      854        0           0    27048    27048        0           7
           US\uscmxa10                    607        0      358           0    21984        0    21984       63007
           US\uscrxv12                    378      378        0           0     1594     1594        0        1485
           US\uscdxg18                    368        0      147           8     9232        0     9232       68987
           US\uscrxm13                    349        0      171           5    10844        1    10843       17320
           US\uschxp11                    348        0      324           0    20692        0    20692       86720
           US\uscnxs13                    230        0      187           2    11906        0    11906      158716
           US\uscsxp11                    122       28       92           0     3364      827     2537        1514
           US\uscaxu04                    114       90        8           0      447      417       31          80
           US\uscvxk12                     90       23       64           0     2785      654     2131        1062
           US\usksdl06                     77        0        0           0        0        0        0         144
           US\uscsxs30                     64       44       19           0     1496     1418       78       20630
           US\uskdyl01                     50        2        2           0      134       66       69         584
           US\usceep03                     50        0        0           0        0        0        0          53
           US\uscgxg00                     50        0        0           0        0        0        0         502
           US\uskexw70                     48        0        0           0        0        0        0        4994
           US\uscvxi02                     41       40        0           0      332      332        0        6045
           US\uscjxs32                     38        1        0           0        1        1        0         109
           US\uskjxj72                     35        7        5           0      520      218      303         444
           US\uscaaa09                     30        7        0           0       21       21        0        2201
17:04:11   US\uscmxa10                    737        0      156           0     9909        0     9909       39891
           US\uscrxb87                    646      646        0           0    20353    20353        0           7
           US\uscmxr08                    405      386        1           1      622      562       60         164
           US\uscpxq02                    357        0      260           3    16519        0    16519       86900
           US\uschxp11                    327        0      317           0    20252        0    20252      116260
           US\uscpxs12                    323        0      195           4    12382        0    12382       79233
           US\uscrxv12                    281      281        0           0     1207     1207        0        2706
           US\uscjxc48                    200        0      156           0     9951        0     9951       15351
           US\uscsxs30                    146       31      114           0     1462     1005      458        3867
           US\uscvxk12                    125       25       98           0     2431      726     1706         860
           US\usksdl06                     91        0        0           0        0        0        0         587
           US\usceep03                     81        0        0           0        0        0        0          31
           US\uscsxp11                     68       28       38           0     2168      803     1365        3655
           US\uskkbs06                     52        0       10           0       53        0       53          52
           US\uscgxg00                     51        0        0           0        0        0        0         262
           US\mwallac0                     40        0        0           0        0        0        0          29
           US\uskexw70                     34        0        0           0        0        0        0       12843
           US\uscsxk09                     29       29        0           0      217      217        0       19550
           US\uskkxb08                     28        1        4           0       80       71        9        1140
           US\uscvxi02                     28       23        5           0      212      156       56        6016
17:04:16   US\uscrxb87                   1260     1260        0           0    34740    34740        0           6
           US\uscpxk03                    379        0      231           5    14629        0    14629       50601
           US\uschxp11                    307        0       47           7     2888        0     2888        1702
           US\uscmxr08                    254      251        0           0      875      875        0           5
           US\uscjxc48                    235        0       78           6     4879        0     4879        4491
           US\uscvxk12                    218       23      194           0     4522      571     3951         839
           US\uscrxv12                    199      199        0           0      994      994        0        4277
           US\usceep03                    120        0        0           0        0        0        0          24
           US\uskjak01                     98        0       93           0     5966        0     5966         588
           US\uscmxa10                     80        0        0          10        0        0        0         568
           US\uskkbs06                     57        0       10           0       38        0       38          29
           US\uscgxg00                     51        0        0           0        0        0        0         174
           US\uscsxp11                     49       27       20           0     1866      717     1150        4713
           US\uskexw70                     44        0        0           0        0        0        0        7424
           US\usksdl06                     40        0        0           0        2        2        0         258
           US\mwallac0                     36        0        0           0        0        0        0          32
           US\usktxv21                     34        0        0           0        0        0        0          72
           US\uscvxi02                     28       24        3           0      207      166       41        6589
           US\uskjxj72                     16        6        1           0      396      387        9          22
           US\usccxp59                     16        2        0           1        8        1        7         176
17:04:21   US\uscrxb87                   1285     1285        0           0    40821    40821        0           6
           US\uscvxk12                    251       25      225           0     4703      724     3979         777
           US\uscjxw23                    220        0      139           3     8811        0     8811        3210
           US\uscrxv12                    156      156        0           0      690      690        0        6161
           US\uscyxp01                     92       89        0           0     2842     2842        0         130
           US\uscjxf01                     70       62        0           0      274      274        0        4745
           US\usksdl06                     68        0        1           0       15       11        3         191
           US\usckxj04                     60       28        0           0       50       50        0          98
           US\uskkbs06                     54        0       12           0       50        0       50          28
           US\uskexw70                     52        0        0           0        0        0        0        1782
           US\uscgxg00                     52        0        0           0        0        0        0         174
           US\uscsxp11                     51       22       28           0     2147      654     1493         985
           US\mwallac0                     45        0        0           0        0        0        0          29
           US\usktxv21                     33        0        0           0        0        0        0          57
           US\uscrxk63                     26        5        0           0      105      105        0        1625
           US\uscmxk25                     25        5        0           0        3        3        0        1206
           US\uskjxj72                     22        6        9           0      881      354      527        2139
           US\uskeak05                     17        0        0           0        1        1        0         150
           US\usckxl02                     14       12        0           0       98       98        0        4793
           US\uskmwm01                     13        0        0           0        0        0        0          28
17:04:26   US\uscyxp01                    534       41       35           0     1346     1302       44         324
           US\uscmxr08                    409      389        1           1     1058      998       60          65
           US\uscrxv12                    225      225        0           0      953      953        0        3960
           US\uscrxb87                    206      206        0           0     6527     6527        0           7
           US\uscsxk09                     62       56        6           0      566      465      101        1333
           US\uskexw70                     60        0        0           0        0        0        0        2269
           US\uscgks02                     54        2        0           0      134      134        0         787
           US\uscgxg00                     52        0        0           0        0        0        0          90
           US\usckxl02                     42       39        1           0      210      198       12        1456
           US\uskkbs06                     42        0       16           0       62        0       62          17
           US\usktxv21                     32        0        0           0        0        0        0         170
           US\uskjxj72                     32        9        0           0      535      530        4          83
           US\uscrxm13                     31        1        0           0        5        5        0         169
           US\uscsxp11                     28        0       28           0      997        0      997         492
           US\mwallac0                     23        0        0           0        0        0        0          19
           US\uscgxd25                     21        0        0           0        6        6        0         246
           US\uscvxk12                     17       17        0           0      490      490        0          10
           US\uscmxg15                     13        5        5           0       96       66       30        4113
           US\uscjxf01                     13        2        1           0       57       26       30        1637
           US\uscvxn12                     12        2        9           0      147       19      128        1337
17:04:31   US\uscrxb87                    460      460        0           0    14552    14552        0           6
           US\uscyxp01                    379        0      268           0    16676        0    16676       42403
           US\uscaxs52                    247        0       27           0     1668        0     1668        2093
           US\uscsxp11                    210      127       82           0     2457     1329     1128        1418
           US\uscmxr08                    128      126        0           0      440      440        0           5
           US\uscsxk09                    105       61       43           0     1152      598      554        7945
           US\uscvxi02                     80       78        0           0      458      453        6        4129
           US\uskcxa28                     79        0       78           0     4979        0     4979        4460
           US\uscjxf01                     75       61        0           0      244      244        0          25
           US\uscrxv12                     66       66        0           0      266      266        0       14436
           US\uskexw70                     55        0        0           0        0        0        0        3314
           US\uscgxg00                     50        0        0           0        0        0        0         601
           US\uskkbs06                     38        0       15           0       62        0       62         334
           US\uscmxn39                     36        0        0           0        0        0        0          41
           US\usktxv21                     35        0        0           0        0        0        0          21
           US\mwallac0                     22        0        0           0        0        0        0          20
           US\uscrxg04                     20        8       11           0      306      258       49        1847
           US\uskjxj72                     19        3        7           0      583      183      400        1653
           US\uscmxg15                     12        3        3           0       48       23       25        3650
           US\uscrmn03                     11        0        1           1        1        0        1         582
17:04:36   US\uscrxb87                    823      823        0           0    26137    26137        0           6
           US\uscyxp01                    569        0      226           0    14292        0    14292       21299
           US\uscaxs52                    397        0      153           0     9734        0     9734        7893
           US\uscrxv12                    273      273        0           0     2962     2962        0        2645
           US\uscaxu04                     99       89        2           0      413      407        6          41
           US\uscsxp11                     98        1       97           0     3879       26     3854         726
           US\uscsxk09                     73       73        0           0      322      322        0        8635
           US\uskexw70                     60        0        0           0        0        0        0        2430
           US\uskjxj72                     57        0        6           0      346        0      346         306
           US\uscyxm22                     48        1        0           0        3        0        3         241
           US\uskkbs06                     38        0       16           0       62        0       62          18
           US\uscvxk12                     37       13       23           0      982      374      608         308
           US\uscgxg00                     35        0        0           0        0        0        0         583
           US\uscdxb02                     34       30        4           0      302      228       74         829
           US\uscvxi02                     24       24        0           0      135      134        1       25125
           US\uskcxa28                     23        0        8           1      524        0      524        1037
           US\mwallac0                     21        0        0           0        0        0        0          20
           US\uskrns03                     17        0        0           1        0        0        0          76
           US\uscaxs59                     17       12        0           0       52       52        0        5841
           US\uskjak01                     16        0        0           0        0        0        0          25
17:04:41   US\uscaxs52                   1049        0       69           3     4091        0     4091         740
           US\uscyxp01                    707        0        0          12        0        0        0         343
           US\uscsxp11                    229      118      108           0     3061     1509     1552        1348
           US\usckxj04                    219        2        0           0        3        2        1         172
           US\usckse01                    213      192        2           1     2274     2266        8        3307
           US\uskoxt04                    108      106        0           0     1211     1211        0        1917
           US\uscsxk09                     88       87        0           0      478      470        8        3835
           US\uscvxi02                     63       63        0           0      383      383        0        4089
           US\uskexw70                     59        0        0           0        0        0        0        2781
           US\uskjxj72                     55        0        7           0      397        6      390         769
           US\uscgxg00                     52        0        0           0        0        0        0         121
           US\uscaxr46                     42       38        0           0      406      405        1        6164
           US\uscmxg74                     38       33        0           0      237      237        0        8032
           US\uskkbs06                     38        0       16           0       62        0       62          17
           US\uscvxk12                     36       15       19           0      940      454      485         410
           US\uscsxc95                     28        0        8           0      512        0      512         649
           US\mwallac0                     21        0        0           0        0        0        0          19
           US\uskcxa28                     19        0        0           0        0        0        0          28
           US\uschxk13                     16       13        0           0      101      100        1        6020
           US\uscrxb87                     15       15        0           0      275      275        0           7
17:04:46   US\uscaxs52                    686        0        0          40        0        0        0         454
           US\usckxv05                    483        0      467           0    29872        0    29872      180729
           US\uscsxc95                    202        0       25           5     1467        0     1467        7048
           US\uscmxg74                    168      168        0           0     1983     1983        0        8797
           US\uscsxm31                    133        0       90           0     5680        0     5680       64296
           US\uscsxp11                    114      113        0           0      478      478        0        6752
           US\uskjxj72                     67        0        0           0        0        0        0          25
           US\uscvxi02                     63       62        2           0      342      326       16        4275
           US\uskexw70                     60        0        0           0        0        0        0        2126
           US\uscgxg00                     49        0        0           0        0        0        0        1290
           US\usckxj04                     45        0        0           0        0        0        0         107
           US\uscvxk12                     39       13       25           0     1063      368      695         362
           US\uskkbs06                     39        0       16           0       62        0       62         156
           US\usckxk17                     31       30        0           0      258      258        0        5190
           US\uscmxm65                     27       21        2           0      126      103       23        4850
           US\uskbjl06                     25        0        0           0        0        0        0         113
           US\uscrxb87                     23        2        0           0        4        3        1        3386
           US\uscvxd03                     22        0        1           0       11        0       11         163
           US\mwallac0                     21        0        0           0        0        0        0          20
           US\uscsxk09                     19       18        1           0      160      150       10         881
17:04:51   US\uscsxm31                    659        0      347           9    21942        0    21942       55457
           US\usckxv05                    273        0      159           5    10064        0    10064       60709
           US\uscmxg74                    240      237        0           0     2825     2821        4        6928
           US\uschxv12                    157      156        0           0     1711     1710        1        4979
           US\uscsxa40                    145      136        0           0     1543     1542        1        3474
           US\uscsxp11                    120      105        2           0      565      466       99        4075
           US\uscvxk12                     72       21       49           0     2132      647     1485        3045
           US\usccxv04                     69        0        0           0        0        0        0          30
           US\uskexw70                     66        0        0           0        0        0        0        1964
           US\uscvxi02                     63       63        0           0      438      438        0        8679
           US\uskjak01                     61        0        0           0        0        0        0         178
           US\uscgxg00                     51        0        0           0        0        0        0         520
           US\uskjxj72                     50        2        0           0       38       38        0          24
           US\uskkbs06                     38        0       15           0       62        0       62          20
           US\uscvxd03                     35        0        0           0        0        0        0         113
           US\usckxj18                     35       30        0           0       37       36        1         573
           US\uscrxv12                     33       32        1           0      265      257        8        3982
           US\uscpxc47                     29        2        0           0        0        0        0        2164
           US\uscmxn39                     28        0        0           0        0        0        0          51
           US\usckxj04                     26        0        2           0       16        0       16         435
17:04:56   US\uscnxa09                    349        0      296           2    18865        0    18865      155234
           US\uscsxh88                    255        0      153           3     9690        0     9690       48005
           US\uscmsr06                    237        0      202           0    12867        0    12867       35501
           US\uskjak01                    147       26        0           0     1535     1535        0         531
           US\uschxv12                    114      113        0           0     1324     1323        1        3531
           US\uscvxk12                     94       22       70           0     2612      664     1948        3938
           US\usccxv04                     86        0        0           0        0        0        0         148
           US\uscmxg74                     85       83        1           0      958      947       10        5783
           US\uskexw70                     72        0        0           0        0        0        0        1626
           US\usckxj04                     61        0        2           0        7        0        7         242
           US\uscsxa40                     58       55        0           0      609      608        1        6235
           US\uscpxy06                     56        1        0           0       25       25        0         157
           US\uscvxi02                     54       49        4           0      377      350       27        3044
           US\uskjxj72                     53       15        0           0      363      363        0          20
           US\uscvxk05                     52       52        0           0      305      305        0        3528
           US\uscvxd03                     51        1        0           0       11       11        0          19
           US\uscgxg00                     51        0        0           0        0        0        0         505
           US\uskkbs06                     40        0       12           0       49        0       49          26
           US\uscbxa34                     31        3       27           0      247       78      169        1334
           US\mwallac0                     30        0        0           0        0        0        0          30
17:05:01   US\uscmsr06                    437        0      241           6    15309        0    15309       40265
           US\uscmxg24                    142        0      104           0     6612        0     6612       13844
           US\uskjak01                    112       96        0           0     5594     5594        0           9
           US\uscsxy19                    101        0       28           3     1658        0     1658        2070
           US\uskexw70                     73        0        0           0        0        0        0        1473
           US\uscvxk12                     66       22       42           0     2254      678     1576         847
           US\uskkbs06                     58        0       11           0       45        0       45          26
           US\usccxv04                     50        0        0           0        0        0        0          17
           US\usckxj04                     50        2        0           0        6        6        0         277
           US\usckxm13                     50       50        0           0      498      498        0       19086
           US\uscgxg00                     50        0        0           0        0        0        0         726
           US\mwallac0                     44        0        0           0        0        0        0          29
           US\uscsxj24                     44       44        0           0      488      488        0        6324
           US\uscsxp11                     42       42        0           0      217      217        0        6908
           US\uscvxd03                     40        0        0           0        0        0        0          20
           US\usckxl02                     32       32        0           0      150      150        0         605
           US\uscpxr15                     31       22        3           0      168      153       15        3481
           US\usckse01                     29        6        3           1       37       25       12        2133
           US\uscdxb02                     25       25        0           0      279      279        0         796
           US\uskjcr70                     25        0        0           1        0        0        0         180
17:05:06   US\uscmxg24                    310        0      105           7     6562        0     6562      107212
           US\uscrxb12                    281        0      254           0    16199        0    16199      104978
           US\uscpxm87                    244        0      178           3    11264        0    11264       37218
           US\uskjxb58                    139        1        0           1        9        9        0         423
           US\uskexw70                     67        0        0           0        0        0        0        1873
           US\uscvxk12                     65       28       35           0     2359      831     1529        2237
           US\uscaxd78                     60       45        0           0       43       36        7         135
           US\uskkbs06                     53        0       10           0       39        0       39         180
           US\uscgxg00                     46        0        0           0        0        0        0        2655
           US\uscvxd03                     42        0        0           0        0        0        0          18
           US\usckxj04                     42        0        0           0        0        0        0          22
           US\mwallac0                     41        0        0           0        0        0        0          31
           US\usckkp05                     31       31        0           0      198      198        0        2737
           US\uscsxp11                     27       27        0           0      108      108        0       17904
           US\uscmxm65                     24       16        8           0      542      512       30       27497
           US\uscrxb87                     23       20        0           0      510      510        0        8329
           US\uscsxk09                     20       20        0           0      134      134        0        1111
           US\uscvxi02                     20       17        1           0      282      275        6        4298
           US\uscjxs32                     17        1        0           0        7        0        7         216
           US\uscsxd76                     15        0        0           1        0        0        0        2642
17:05:11   US\uscrxb12                    205        0       80           4     4991        0     4991       97487
           US\uskexw70                     72        0        0           0        0        0        0        1847
           US\uskjxb58                     69        3        0           0      121      121        0         525
           US\uscvxi02                     58       51        7           0      436      352       84        4379
           US\uscsxp11                     56       54        1           0      306      301        6        7002
           US\uscaxd78                     51       46        0           0       71       71        0           7
           US\uskkbs06                     51        0       11           0       42        0       42          28
           US\uscgxg00                     50        0        0           0        0        0        0         964
           US\usckxy13                     49        0       18           0     1135        0     1135       10846
           US\usclxs92                     41        2        0           0       19       19        0         593
           US\usccxv04                     39        0        0           0        0        0        0          22
           US\mwallac0                     38        0        0           0        0        0        0          30
           US\uskjxj72                     30        0        0           0        6        0        6          51
           US\uscvxd03                     29        0        0           0        0        0        0          18
           US\uscvxk12                     29       21        7           0     1023      622      401        1080
           US\uscrxc69                     27        0        0           0        0        0        0           9
           US\uscsxk09                     20       20        0           0      146      143        2        1710
           US\uscrxb87                     20       19        0           0      504      504        0        1188
           US\uscmxm65                     19        3       15           0      170      109       61        9464
           US\uscpxm33                     18       17        0           0      169      168        1         567
17:05:16   US\uscuxs10                    313        0      255           0    16260        0    16260       68959
           US\uskexw70                     73        0        0           0        0        0        0        1987
           US\uscdss01                     67       64        0           0      527      527        0        6006
           US\uscvxk12                     66       23       41           0     2967      711     2256        5394
           US\uskkbs06                     60        0       12           0       47        0       47          25
           US\uscgxg00                     51        0        0           0        0        0        0         488
           US\uscsxp11                     43       42        0           0      258      257        1        2115
           US\uscvxi02                     43       26       17           0      338      182      157        2991
           US\mwallac0                     37        0        0           0        0        0        0          29
           US\usckxj18                     36       29        0           0      194      194        0        1388
           US\uskmlp05                     36        2        6           1      280       35      245        1922
           US\uscaxr46                     35       33        0           0      198      198        0        5774
           US\uscjxs70                     34        0       19           0     1142        0     1142        5077
           US\usckxl02                     33       32        0           0      230      229        1        4736
           US\uskjxj72                     32        0        0           0        0        0        0          21
           US\ksaunde0                     27        0        0           0        0        0        0          25
           US\uscmxd28                     25        2        0           0       11       11        0        3533
           US\uskjxb58                     24        0        0           0        0        0        0          52
           US\uskjak01                     17        0        0           0        0        0        0          25
           US\uscmxg15                     16        7        4           0       73       43       29        7241
17:05:21   US\uscmxk25                    479        0      311           2    19781        0    19781       43807
           US\uscuxs10                    248        0       39           8     2293        0     2293       48035
           US\uscvxk12                    153       51      100           0     4328     1439     2889        1633
           US\uscjxs70                    143        0      128           0     8045        0     8045       55207
           US\usckxj18                     85       75        1           0      666      660        6        2615
           US\uskexw70                     72        0        0           0        0        0        0        2058
           US\uskkbs06                     59        0       12           0       50        0       50          24
           US\uscgxg00                     49        0        0           0        0        0        0        1333
           US\uscaxd78                     42       41        0           0      180      180        0        4945
           US\mwallac0                     40        0        0           0        0        0        0          27
           US\usccxv04                     37        0        0           0        0        0        0          17
           US\usckxl02                     32       32        0           0      210      210        0        8363
           US\uskjxj72                     31        0        0           0        0        0        0          22
           US\uscvxi02                     17       15        0           0      121      119        2        2159
           US\ksaunde0                     17        0        0           0        0        0        0          20
           US\uskmwm01                     14        0        0           0        0        0        0          31
           US\uscmxg15                     12        2        6           0       58       26       32        2659
           US\uscixb06                     11        5        6           0       72       22       50        6549
           US\uscrxk76                     10        1        1           0        7        1        6        1316
           US\usckxk17                      8        2        5           0       92       70       22        6838
